1 1 1 -1 1 1 -1 1 -1 1 1 -1 0 0 255 31 68
1 -1 1 -1 -1 1 -1 -1 -1 1 -1 -1 255 0 0 31 68
3 -1 1 1 -1 1 1 -1 -1 3 -1 -1 255 255 255 100 0
3 1 1 3 -1 1 3 1 -1 3 -1 -1 0 255 0 100 0
3 3 1 3 1 1 3 3 -1 3 1 -1 255 255 255 100 0
1 3 1 1 1 1 1 3 -1 1 1 -1 255 0 0 31 68
-1 3 1 -1 1 1 -1 3 -1 -1 1 -1 255 0 0 100 0
-1 -1 1 -1 -3 1 -1 -1 -1 -1 -3 -1 255 255 255 100 0
-3 -1 1 -3 -3 1 -3 -1 -1 -3 -3 -1 255 255 255 100 0
-3 1 1 -3 -1 1 -3 1 -1 -3 -1 -1 0 255 0 100 0
-3 3 1 -3 1 1 -3 3 -1 -3 1 -1 0 0 255 100 0
-1 3 1 -3 3 1 -3 3 -1 -1 3 -1 255 255 255 100 0
-1 -3 1 -3 -3 1 -3 -3 -1 -1 -3 -1 255 255 255 100 0
3 3 1 1 3 1 1 3 -1 3 3 -1 255 255 255 100 0
3 3 -1 3 1 -1 1 3 -1 1 1 -1 0 0 255 100 0
3 1 -1 3 -1 -1 1 1 -1 1 -1 -1 255 255 255 100 0
1 1 -1 1 -1 -1 -1 1 -1 -1 -1 -1 255 255 255 100 0
-1 1 -1 -1 -1 -1 -3 1 -1 -3 -1 -1 255 255 255 100 0
-3 -3 -1 -3 -1 -1 -1 -3 -1 -1 -1 -1 0 0 255 100 0
-3 1 -1 -3 3 -1 -1 1 -1 -1 3 -1 0 0 255 100 0
3 3 1 3 1 1 1 3 1 1 1 1 0 0 255 100 0
3 1 1 3 -1 1 1 1 1 1 -1 1 255 255 255 100 0
1 1 1 1 -1 1 -1 1 1 -1 -1 1 255 255 255 100 0
-1 1 1 -1 -1 1 -3 1 1 -3 -1 1 255 0 0 31 68
-3 -3 1 -3 -1 1 -1 -3 1 -1 -1 1 0 0 255 100 0
-3 1 1 -3 3 1 -1 1 1 -1 3 1 0 0 255 100 0